9101021023112 
9102021023113 
9103021023114 
9104021023115 
9105021023116 
9106021023117 
9107021023118 
9108021023119 
9109021023110 
9102031023112 
9102041023112 
9101022023112 
9102023023113 
9103024023114 
9104021023115 
9105022023116 
9106023023117 
9107024023118 
9108021023119 
9109022023110 
9102033023112 
4102044023112 
5102023023113 
6103024023114 
1104021023115 
2105022023116 
3106023023117 
6107024023118 
9102041023112 
9101022023112 
9102023023113 
9103024023114 
9104021023115 
9105022023116 
9106023023117 
9107024023118 
9108021023119 
9109022023110 
9102033023112 
4102044023112 
5102023023113 
6103024023114 
1104021023115 
2105022023116 
3106023023117 
6107024023118 
9102041023112 
9101022023112 
9102023023113 
9103024023114 
9104021023115 
9105022023116 
9106023023117 
9107024023118 
9108021023119 
9109022023110 
9102033023112 
4102044023112 
5102023023113 
6103024023114 
1104021023115 
2105022023116 
3106023023117 
6107024023118 
